# DESCRIPTION: Verilator output: Timestamp data for --skip-identical.  Delete at will.
C "-cc Ventus.v --trace"
S  13703000  7888763  1669020708   527795817  1669020708   527795817 "/usr/local/bin/verilator_bin"
S   4460014  3568356  1669021270    33709643  1669012966    76030447 "Ventus.v"
T      7800  3716253  1669021332   507221268  1669021332   507221268 "obj_dir/VVentus.cpp"
T      4893  3716252  1669021332   507221268  1669021332   507221268 "obj_dir/VVentus.h"
T      1492  3716372  1669021333   295187473  1669021333   295187473 "obj_dir/VVentus.mk"
T    182249  3716258  1669021332   511221097  1669021332   511221097 "obj_dir/VVentus_ArrayMultiplier.h"
T     82348  3716301  1669021332   707212683  1669021332   707212683 "obj_dir/VVentus_ArrayMultiplier__DepSet_hd197263b__0.cpp"
T    211391  3716296  1669021332   655214915  1669021332   655214915 "obj_dir/VVentus_ArrayMultiplier__DepSet_hd197263b__0__Slow.cpp"
T    610002  3716302  1669021332   711212511  1669021332   711212511 "obj_dir/VVentus_ArrayMultiplier__DepSet_hf5627313__0.cpp"
T   1329478  3716297  1669021332   663214571  1669021332   663214571 "obj_dir/VVentus_ArrayMultiplier__DepSet_hf5627313__0__Slow.cpp"
T    704598  3716303  1669021332   715212340  1669021332   715212340 "obj_dir/VVentus_ArrayMultiplier__DepSet_hf5627313__1.cpp"
T   1329402  3716298  1669021332   675214057  1669021332   675214057 "obj_dir/VVentus_ArrayMultiplier__DepSet_hf5627313__1__Slow.cpp"
T    704522  3716304  1669021332   723211996  1669021332   723211996 "obj_dir/VVentus_ArrayMultiplier__DepSet_hf5627313__2.cpp"
T   1329538  3716299  1669021332   683213713  1669021332   683213713 "obj_dir/VVentus_ArrayMultiplier__DepSet_hf5627313__2__Slow.cpp"
T    704522  3716305  1669021332   727211825  1669021332   727211825 "obj_dir/VVentus_ArrayMultiplier__DepSet_hf5627313__3.cpp"
T   1329462  3716300  1669021332   695213198  1669021332   695213198 "obj_dir/VVentus_ArrayMultiplier__DepSet_hf5627313__3__Slow.cpp"
T    704487  3716306  1669021332   735211482  1669021332   735211482 "obj_dir/VVentus_ArrayMultiplier__DepSet_hf5627313__4.cpp"
T    704664  3716307  1669021332   739211309  1669021332   739211309 "obj_dir/VVentus_ArrayMultiplier__DepSet_hf5627313__5.cpp"
T    704588  3716308  1669021332   747210966  1669021332   747210966 "obj_dir/VVentus_ArrayMultiplier__DepSet_hf5627313__6.cpp"
T    704588  3716309  1669021332   751210794  1669021332   751210794 "obj_dir/VVentus_ArrayMultiplier__DepSet_hf5627313__7.cpp"
T     94707  3716310  1669021332   751210794  1669021332   751210794 "obj_dir/VVentus_ArrayMultiplier__DepSet_hf5627313__8.cpp"
T       698  3716295  1669021332   643215430  1669021332   643215430 "obj_dir/VVentus_ArrayMultiplier__Slow.cpp"
T     11024  3716262  1669021332   515220924  1669021332   515220924 "obj_dir/VVentus_FCMA_ADD_s1.h"
T     12603  3716326  1669021332   787209249  1669021332   787209249 "obj_dir/VVentus_FCMA_ADD_s1__DepSet_h4df6bcee__0__Slow.cpp"
T   1294001  3716330  1669021332   815208048  1669021332   815208048 "obj_dir/VVentus_FCMA_ADD_s1__DepSet_h56045b7b__0.cpp"
T   1293998  3716327  1669021332   795208906  1669021332   795208906 "obj_dir/VVentus_FCMA_ADD_s1__DepSet_h56045b7b__0__Slow.cpp"
T   1295954  3716331  1669021332   823207704  1669021332   823207704 "obj_dir/VVentus_FCMA_ADD_s1__DepSet_h56045b7b__1.cpp"
T   1295951  3716328  1669021332   799208734  1669021332   799208734 "obj_dir/VVentus_FCMA_ADD_s1__DepSet_h56045b7b__1__Slow.cpp"
T    864695  3716332  1669021332   827207533  1669021332   827207533 "obj_dir/VVentus_FCMA_ADD_s1__DepSet_h56045b7b__2.cpp"
T    864693  3716329  1669021332   807208391  1669021332   807208391 "obj_dir/VVentus_FCMA_ADD_s1__DepSet_h56045b7b__2__Slow.cpp"
T       662  3716325  1669021332   783209421  1669021332   783209421 "obj_dir/VVentus_FCMA_ADD_s1__Slow.cpp"
T      8438  3716256  1669021332   511221097  1669021332   511221097 "obj_dir/VVentus_L1TagAccess.h"
T     10241  3716286  1669021332   619216460  1669021332   619216460 "obj_dir/VVentus_L1TagAccess__DepSet_h1770cac0__0__Slow.cpp"
T    273171  3716288  1669021332   623216288  1669021332   623216288 "obj_dir/VVentus_L1TagAccess__DepSet_h7ba4154a__0.cpp"
T    209184  3716287  1669021332   623216288  1669021332   623216288 "obj_dir/VVentus_L1TagAccess__DepSet_h7ba4154a__0__Slow.cpp"
T       662  3716285  1669021332   619216460  1669021332   619216460 "obj_dir/VVentus_L1TagAccess__Slow.cpp"
T      6540  3716259  1669021332   511221097  1669021332   511221097 "obj_dir/VVentus_Queue_19.h"
T    203409  3716314  1669021332   755210623  1669021332   755210623 "obj_dir/VVentus_Queue_19__DepSet_h567442e4__0.cpp"
T     35049  3716313  1669021332   751210794  1669021332   751210794 "obj_dir/VVentus_Queue_19__DepSet_h567442e4__0__Slow.cpp"
T      9329  3716312  1669021332   751210794  1669021332   751210794 "obj_dir/VVentus_Queue_19__DepSet_ha1116b48__0__Slow.cpp"
T       635  3716311  1669021332   751210794  1669021332   751210794 "obj_dir/VVentus_Queue_19__Slow.cpp"
T    351003  3716255  1669021332   511221097  1669021332   511221097 "obj_dir/VVentus_SM_wrapper.h"
T   1152419  3716282  1669021332   607216975  1669021332   607216975 "obj_dir/VVentus_SM_wrapper__DepSet_h0bb8b449__0.cpp"
T    704213  3716275  1669021332   559219035  1669021332   559219035 "obj_dir/VVentus_SM_wrapper__DepSet_h22e4a58d__0__Slow.cpp"
T    704220  3716276  1669021332   563218864  1669021332   563218864 "obj_dir/VVentus_SM_wrapper__DepSet_h22e4a58d__1__Slow.cpp"
T    712902  3716279  1669021332   587217834  1669021332   587217834 "obj_dir/VVentus_SM_wrapper__DepSet_h60d69b72__0.cpp"
T    314172  3716270  1669021332   535220066  1669021332   535220066 "obj_dir/VVentus_SM_wrapper__DepSet_h60d69b72__0__Slow.cpp"
T    713201  3716280  1669021332   595217490  1669021332   595217490 "obj_dir/VVentus_SM_wrapper__DepSet_h60d69b72__1.cpp"
T    824770  3716272  1669021332   543219722  1669021332   543219722 "obj_dir/VVentus_SM_wrapper__DepSet_h68bcea3d__0__Slow.cpp"
T    824736  3716273  1669021332   547219551  1669021332   547219551 "obj_dir/VVentus_SM_wrapper__DepSet_h68bcea3d__1__Slow.cpp"
T    400209  3716274  1669021332   551219379  1669021332   551219379 "obj_dir/VVentus_SM_wrapper__DepSet_h68bcea3d__2__Slow.cpp"
T   1370713  3716283  1669021332   619216460  1669021332   619216460 "obj_dir/VVentus_SM_wrapper__DepSet_h744d7c47__0.cpp"
T   1114470  3716278  1669021332   583218005  1669021332   583218005 "obj_dir/VVentus_SM_wrapper__DepSet_ha4efd9bd__0.cpp"
T    437992  3716281  1669021332   599217319  1669021332   599217319 "obj_dir/VVentus_SM_wrapper__DepSet_ha852630b__0.cpp"
T    208043  3716284  1669021332   619216460  1669021332   619216460 "obj_dir/VVentus_SM_wrapper__DepSet_hbc932c94__0.cpp"
T    269284  3716271  1669021332   535220066  1669021332   535220066 "obj_dir/VVentus_SM_wrapper__DepSet_hd37b64b0__0__Slow.cpp"
T    198825  3716277  1669021332   563218864  1669021332   563218864 "obj_dir/VVentus_SM_wrapper__DepSet_hfb4d88fe__0__Slow.cpp"
T       653  3716269  1669021332   527220409  1669021332   527220409 "obj_dir/VVentus_SM_wrapper__Slow.cpp"
T     21497  3716261  1669021332   515220924  1669021332   515220924 "obj_dir/VVentus_ScalarFPU_1.h"
T    970092  3716323  1669021332   783209421  1669021332   783209421 "obj_dir/VVentus_ScalarFPU_1__DepSet_h101ef5f6__0.cpp"
T    825693  3716320  1669021332   763210279  1669021332   763210279 "obj_dir/VVentus_ScalarFPU_1__DepSet_h101ef5f6__0__Slow.cpp"
T    485482  3716324  1669021332   783209421  1669021332   783209421 "obj_dir/VVentus_ScalarFPU_1__DepSet_h101ef5f6__1.cpp"
T    826383  3716321  1669021332   767210108  1669021332   767210108 "obj_dir/VVentus_ScalarFPU_1__DepSet_h101ef5f6__1__Slow.cpp"
T     24548  3716319  1669021332   759210451  1669021332   759210451 "obj_dir/VVentus_ScalarFPU_1__DepSet_h2688b88a__0__Slow.cpp"
T    573600  3716322  1669021332   775209764  1669021332   775209764 "obj_dir/VVentus_ScalarFPU_1__DepSet_ha05db02f__0.cpp"
T       662  3716318  1669021332   755210623  1669021332   755210623 "obj_dir/VVentus_ScalarFPU_1__Slow.cpp"
T       428  3716251  1669021332   507221268  1669021332   507221268 "obj_dir/VVentus__ConstPool_0.cpp"
T     24061  3716249  1669021332   507221268  1669021332   507221268 "obj_dir/VVentus__Syms.cpp"
T      7655  3716250  1669021332   507221268  1669021332   507221268 "obj_dir/VVentus__Syms.h"
T   1265929  3716356  1669021333   139194154  1669021333   139194154 "obj_dir/VVentus__Trace__0.cpp"
T   1352333  3716333  1669021332   851206502  1669021332   851206502 "obj_dir/VVentus__Trace__0__Slow.cpp"
T   1501787  3716357  1669021333   151193640  1669021333   151193640 "obj_dir/VVentus__Trace__1.cpp"
T   1964865  3716366  1669021333   259189015  1669021333   259189015 "obj_dir/VVentus__Trace__10.cpp"
T   1563143  3716343  1669021332   991200493  1669021332   991200493 "obj_dir/VVentus__Trace__10__Slow.cpp"
T   2064705  3716367  1669021333   271188501  1669021333   271188501 "obj_dir/VVentus__Trace__11.cpp"
T   1519601  3716344  1669021333     3199978  1669021333     3199978 "obj_dir/VVentus__Trace__11__Slow.cpp"
T   1975382  3716368  1669021333   279188158  1669021333   279188158 "obj_dir/VVentus__Trace__12.cpp"
T   1728068  3716345  1669021333    15199465  1669021333    15199465 "obj_dir/VVentus__Trace__12__Slow.cpp"
T   1971245  3716369  1669021333   291187645  1669021333   291187645 "obj_dir/VVentus__Trace__13.cpp"
T   1731505  3716346  1669021333    27198950  1669021333    27198950 "obj_dir/VVentus__Trace__13__Slow.cpp"
T   1061619  3716370  1669021333   295187473  1669021333   295187473 "obj_dir/VVentus__Trace__14.cpp"
T   1740970  3716347  1669021333    43198264  1669021333    43198264 "obj_dir/VVentus__Trace__14__Slow.cpp"
T   1855740  3716348  1669021333    55197751  1669021333    55197751 "obj_dir/VVentus__Trace__15__Slow.cpp"
T   1752811  3716349  1669021333    67197238  1669021333    67197238 "obj_dir/VVentus__Trace__16__Slow.cpp"
T   1929797  3716350  1669021333    79196723  1669021333    79196723 "obj_dir/VVentus__Trace__17__Slow.cpp"
T   1950064  3716351  1669021333    87196381  1669021333    87196381 "obj_dir/VVentus__Trace__18__Slow.cpp"
T   2052461  3716352  1669021333    99195866  1669021333    99195866 "obj_dir/VVentus__Trace__19__Slow.cpp"
T   1129792  3716334  1669021332   867205816  1669021332   867205816 "obj_dir/VVentus__Trace__1__Slow.cpp"
T   1581232  3716358  1669021333   159193298  1669021333   159193298 "obj_dir/VVentus__Trace__2.cpp"
T   1958232  3716353  1669021333   111195353  1669021333   111195353 "obj_dir/VVentus__Trace__20__Slow.cpp"
T   1955432  3716354  1669021333   123194840  1669021333   123194840 "obj_dir/VVentus__Trace__21__Slow.cpp"
T   1056361  3716355  1669021333   127194667  1669021333   127194667 "obj_dir/VVentus__Trace__22__Slow.cpp"
T    941757  3716335  1669021332   879205300  1669021332   879205300 "obj_dir/VVentus__Trace__2__Slow.cpp"
T   1534199  3716359  1669021333   175192613  1669021333   175192613 "obj_dir/VVentus__Trace__3.cpp"
T   1320495  3716336  1669021332   895204614  1669021332   895204614 "obj_dir/VVentus__Trace__3__Slow.cpp"
T   1740144  3716360  1669021333   187192098  1669021333   187192098 "obj_dir/VVentus__Trace__4.cpp"
T   1030522  3716337  1669021332   907204099  1669021332   907204099 "obj_dir/VVentus__Trace__4__Slow.cpp"
T   1744164  3716361  1669021333   199191584  1669021333   199191584 "obj_dir/VVentus__Trace__5.cpp"
T   1320554  3716338  1669021332   919203583  1669021332   919203583 "obj_dir/VVentus__Trace__5__Slow.cpp"
T   1753383  3716362  1669021333   211191071  1669021333   211191071 "obj_dir/VVentus__Trace__6.cpp"
T   1030562  3716339  1669021332   931203068  1669021332   931203068 "obj_dir/VVentus__Trace__6__Slow.cpp"
T   1871997  3716363  1669021333   227190385  1669021333   227190385 "obj_dir/VVentus__Trace__7.cpp"
T   1075363  3716340  1669021332   943202553  1669021332   943202553 "obj_dir/VVentus__Trace__7__Slow.cpp"
T   1762199  3716364  1669021333   235190043  1669021333   235190043 "obj_dir/VVentus__Trace__8.cpp"
T   1851068  3716341  1669021332   967201523  1669021332   967201523 "obj_dir/VVentus__Trace__8__Slow.cpp"
T   1939825  3716365  1669021333   247189530  1669021333   247189530 "obj_dir/VVentus__Trace__9.cpp"
T   1479361  3716342  1669021332   979201008  1669021332   979201008 "obj_dir/VVentus__Trace__9__Slow.cpp"
T    112094  3716254  1669021332   507221268  1669021332   507221268 "obj_dir/VVentus___024root.h"
T    801518  3716266  1669021332   527220409  1669021332   527220409 "obj_dir/VVentus___024root__DepSet_h418609f7__0.cpp"
T    335445  3716264  1669021332   519220752  1669021332   519220752 "obj_dir/VVentus___024root__DepSet_h418609f7__0__Slow.cpp"
T     39466  3716267  1669021332   527220409  1669021332   527220409 "obj_dir/VVentus___024root__DepSet_h418609f7__1.cpp"
T     10518  3716268  1669021332   527220409  1669021332   527220409 "obj_dir/VVentus___024root__DepSet_hf7133f77__0.cpp"
T    130922  3716265  1669021332   519220752  1669021332   519220752 "obj_dir/VVentus___024root__DepSet_hf7133f77__0__Slow.cpp"
T       644  3716263  1669021332   515220924  1669021332   515220924 "obj_dir/VVentus___024root__Slow.cpp"
T      5630  3716373  1669021333   295187473  1669021333   295187473 "obj_dir/VVentus__ver.d"
T         0        0  1669021333   295187473  1669021333   295187473 "obj_dir/VVentus__verFiles.dat"
T      5605  3716371  1669021333   295187473  1669021333   295187473 "obj_dir/VVentus_classes.mk"
T     13118  3716257  1669021332   511221097  1669021332   511221097 "obj_dir/VVentus_collectorUnit.h"
T     15955  3716292  1669021332   631215945  1669021332   631215945 "obj_dir/VVentus_collectorUnit__DepSet_h4a8798f4__0__Slow.cpp"
T    657530  3716293  1669021332   639215602  1669021332   639215602 "obj_dir/VVentus_collectorUnit__DepSet_h947db270__0.cpp"
T    671418  3716290  1669021332   631215945  1669021332   631215945 "obj_dir/VVentus_collectorUnit__DepSet_h947db270__0__Slow.cpp"
T    573698  3716294  1669021332   643215430  1669021332   643215430 "obj_dir/VVentus_collectorUnit__DepSet_h947db270__1.cpp"
T    373042  3716291  1669021332   631215945  1669021332   631215945 "obj_dir/VVentus_collectorUnit__DepSet_h947db270__1__Slow.cpp"
T       680  3716289  1669021332   623216288  1669021332   623216288 "obj_dir/VVentus_collectorUnit__Slow.cpp"
T      4982  3716260  1669021332   515220924  1669021332   515220924 "obj_dir/VVentus_resource_table.h"
T     30042  3716316  1669021332   755210623  1669021332   755210623 "obj_dir/VVentus_resource_table__DepSet_h5d6c710f__0__Slow.cpp"
T    136255  3716317  1669021332   755210623  1669021332   755210623 "obj_dir/VVentus_resource_table__DepSet_hbb58da1f__0.cpp"
T       689  3716315  1669021332   755210623  1669021332   755210623 "obj_dir/VVentus_resource_table__Slow.cpp"
